0 0.14747675390624998 0.5246428570312499 0.09533557031249999 0.08330357031249998
0 0.283218915625 0.6519345234375 0.10513422812500002 0.08705357187500003
0 0.426946309375 0.7239880953125001 0.12236577187500002 0.11633928437500005
0 0.7145469796875 0.9030654765625 0.46744966562499995 0.193869046875
0 0.65129194609375 0.6228273804687501 0.1108221484375 0.06708333281250001
0 0.91516778515625 0.6931547617187499 0.13523489843749986 0.12696428593749998
0 0.9079865773437501 0.5788392859375 0.12085570468749988 0.09389880937500009
0 0.7706543625 0.53419642890625 0.07149328749999997 0.0641666671875
0 0.7126510070312501 0.45726190468750005 0.12807047031250002 0.0718452375
0 0.8663926171874999 0.48214285703125004 0.10239932812500001 0.06630952343750005
0 0.51694630859375 0.5061607140625 0.11300335468749996 0.07607142812499994
0 0.45363837734374995 0.60136904765625 0.09598993281250001 0.062410714062500004
0 0.3346812078125 0.52229166640625 0.0768456375 0.057380951562500025
0 0.39818791953125 0.43303571406249997 0.08402684531250001 0.04892857187500006
0 0.25451983046875004 0.37905543671874997 0.07733221406250004 0.04553571406249999
0 0.24083251875 0.34294642890625 0.035151006250000005 0.021755951562500007
0 0.45644295234375 0.37523809531249996 0.1094127515625 0.052351190625
0 0.70041946328125 0.33443452421875 0.022130873437500042 0.021785714062500006
0 0.5 0.40274483750000006 0.066406246875 0.029448009375000028