0 0.08828125 0.53671875 0.16640625 0.15
0 0.434375 0.65625 0.33515625 0.2578125
0 0.8265625 0.7046875 0.34609375 0.4296875
0 0.665625 0.9484375 0.20625 0.103125
0 0.14296875 0.384375 0.0734375 0.05234375
0 0.04140625 0.36484375 0.08046875 0.0484375
0 0.02578125 0.2953125 0.0515625 0.05
0 0.25078125 0.34375 0.0609375 0.0421875
0 0.26015625 0.28828125 0.05 0.0375
0 0.3703125 0.32265625 0.05234375 0.0640625
0 0.4921875 0.32734375 0.0609375 0.04296875
0 0.4640625 0.40078125 0.06796875 0.05078125
0 0.5734375 0.39921875 0.08046875 0.06171875
0 0.759375 0.3390625 0.14921875 0.090625
0 0.528125 0.1796875 0.11796875 0.05234375
0 0.65649133515625 0.24219514453124996 0.22489317031249997 0.1040444859375
0 0.93046875 0.37578125 0.13828125 0.21875
0 0.85390625 0.18125 0.10625 0.06640625
0 0.640625 0.16015625 0.1078125 0.0296875
0 0.80234375 0.26171875 0.04609375 0.0375
0 0.8296875 0.22890625 0.0390625 0.0328125
0 0.896875 0.234375 0.090625 0.04296875
0 0.88359375 0.2671875 0.0640625 0.0234375
0 0.82109375 0.3 0.0359375 0.01875
0 0.4890625 0.2796875 0.0453125 0.0328125
0 0.17421875 0.23828125 0.0625 0.01640625
0 0.440625 0.2421875 0.06640625 0.04765625