0 0.13751116484374998 0.74419427109375 0.27502232968749996 0.2190558109375001
0 0.37850830078125003 0.67073039375 0.08679468906249999 0.058771028125000055
0 0.33778156953125 0.5919237125000001 0.1014830296875 0.08281381249999997
0 0.54275053203125 0.80330824453125 0.4820442765625 0.3933835109375
0 0.51604446796875 0.578566684375 0.06275931406250006 0.04274257812500002
0 0.70899570546875 0.5104456484375 0.14688338906249995 0.10151368125000007
0 0.8191582835937501 0.6734018140625 0.054747398437500025 0.05075684062499999
0 0.9606544375 0.68509825859375 0.07869112499999993 0.6298034828125
0 0.7497224734375 0.40692841953125003 0.1375362031250001 0.08147806406249995
0 0.44327048203124997 0.49308148828125004 0.13620093281249995 0.09884226093750001
0 0.40855508046875 0.37887859687500003 0.07210148906250002 0.033392681250000014
0 0.32442850078125 0.35750730781250006 0.037388445312500004 0.028049840625
0 0.47264708671875005 0.33546814453125 0.2537074984375 0.1095279046875
0 0.55476825703125 0.44566392343750005 0.07344162031249998 0.06010681250000003
0 0.57145950078125 0.51845987265625 0.06676512343750005 0.03205697031249999
0 0.68829857734375 0.32878961171875 0.11083021406250007 0.06945671093749999