0 0.02567377890625 0.559801546875 0.0513475578125 0.10992794999999997
0 0.10231602265624999 0.8256549921874999 0.1704481078125 0.22578425937500005
0 0.1412574953125 0.70081071796875 0.08659136250000002 0.1382607734375
0 0.2864484875 0.83822854609375 0.10570515312499999 0.21975360156249996
0 0.32067406875 0.9404973515625 0.06668254375 0.08328866875000003
0 0.20698916562499997 0.9374729601562499 0.08856988749999999 0.05269358906249995
0 0.265017221875 0.60408475234375 0.10843235937500002 0.18106082343749996
0 0.14348072890625 0.37483113671875 0.0576823140625 0.07622155468750003
0 0.14199709062500002 0.2606077046875 0.05886558125000001 0.09880273124999998
0 0.25768193828124997 0.4169868359375 0.07075574843750002 0.129281465625
0 0.39399081406249997 0.5169116640625 0.05151429374999998 0.15906157187499997
0 0.3589078578125 0.38885342968750003 0.04743692187500002 0.095260590625
0 0.32038974296875 0.316174015625 0.03702466093749997 0.044712237500000016
0 0.3566225015625 0.2546485390625 0.04627313124999999 0.09556020312499998
0 0.34227739609375 0.13098993671874998 0.0603939890625 0.1488684203125
0 0.408857034375 0.16113482421874997 0.05154515000000002 0.12851612031249998
0 0.40526102265624997 0.0356618453125 0.028408651562500033 0.0594112125
0 0.449786459375 0.03650075234375 0.05991300000000006 0.0720319859375
0 0.50934833125 0.02947375 0.039519078124999926 0.0589475
0 0.4796767453125 0.21312908671875 0.05287581562500003 0.0983867015625
0 0.4285193734375 0.3282522671875 0.04188165937499999 0.11735902812499996
0 0.49298667187500006 0.36902265156249997 0.07358388437499999 0.19770471562499997
0 0.56870407265625 0.45588520078125 0.07100810781249996 0.19161876406250006
0 0.56930949453125 0.2859575359375 0.05021452343749999 0.121765771875
0 0.5123346039062501 0.70034893515625 0.08459751406249998 0.1908189734375
0 0.44406349765625 0.75587745625 0.06648474843749996 0.16001004375
0 0.60810251328125 0.72176266953125 0.17572026093749998 0.4519773265624999
0 0.49082134218750006 0.8622446703125 0.08117202499999995 0.15149617500000004