0 0.9329102289062501 0.30782695390625003 0.08786156093749983 0.09896886093749999
0 0.93436859296875 0.47812312421875003 0.13126281406249998 0.27324219531250005
0 0.60198101328125 0.07473072734375 0.08033292343750001 0.08116733281250002
0 0.482848640625 0.15177485 0.17462989687500002 0.14647645312499996
0 0.402534909375 0.020805871875 0.11585165624999996 0.04161174375
0 0.29707102421875 0.09532657265625001 0.14233704843750003 0.16295465781250001
0 0.30118276953125 0.27804916171875 0.08430322343749999 0.09733590156249998
0 0.18548770234375 0.4205354875 0.19001682656250002 0.20058285000000003
0 0.39650899609375 0.48586817265625 0.21567513593749993 0.12478807343750002
0 0.5596634140625 0.43235695781250005 0.06363102187500003 0.08364995625000002
0 0.57986458828125 0.30447343984374997 0.05799439218749995 0.045809789062499995
0 0.7862383390625001 0.29985022578125 0.12693235624999993 0.12407038593750004
0 0.7834815890625 0.38917506796875 0.07044690000000005 0.08384593906249997
0 0.6640860953125001 0.4393867875 0.12057555312500004 0.136841134375
0 0.77623969453125 0.59373472578125 0.1385835453125 0.14304727343749998
0 0.9536018890625 0.65046866328125 0.06473444062499993 0.07700292968750003
0 0.5872746453125 0.5333504687499999 0.07146769687500001 0.08734065000000006
0 0.6159815375 0.6349644375000001 0.09879241249999993 0.12836513437500008
0 0.49615237578125004 0.6192218078125 0.09678747343749991 0.04762265624999999
0 0.34470743828124994 0.6558627109375 0.18232336093749998 0.12149015937499996
0 0.25603695625 0.76642708203125 0.08870348750000004 0.10679120468749996
0 0.55377841640625 0.8166932093750001 0.10653777343749997 0.08657340000000006
0 0.30335926406249997 0.85112990703125 0.04599205000000004 0.0757452265625
0 0.8138529570312499 0.76157071796875 0.2951444421874999 0.1686513609375
0 0.74976722734375 0.8886870359374999 0.30024616406250004 0.22262592812499998
0 0.21870846171874997 0.8289687203125 0.042659545312500005 0.05206468750000006
0 0.27849536171875 0.9229719875000001 0.047319610937500034 0.05003970000000013