0 0.48258797031250006 0.97427863515625 0.11076563125000005 0.051442729687500056
0 0.21042236640624998 0.92151824765625 0.23231535781249998 0.15696350468749998
0 0.331063353125 0.8744255937500001 0.133530246875 0.08949225312499998
0 0.18307743671875001 0.7395192671874999 0.2149837828125 0.11620645624999995
0 0.07468516796875 0.7168122671875 0.08278880468750001 0.07079245624999997
0 0.08870587265624999 0.8303473039062499 0.0520768578125 0.08949232656249988
0 0.41518742968750005 0.7421906875 0.17626006562500002 0.11620645624999995
0 0.6573273234375 0.8457079164062499 0.07744757812499996 0.05877110156249987
0 0.76770741640625 0.8363579445312499 0.0961418015625 0.06411387031249997
0 0.6014621328125 0.74219068828125 0.12685382187500008 0.07079238281249997
0 0.4912997375 0.607284325 0.15756569687499997 0.060106775000000036
0 0.62282704296875 0.63199494609375 0.09480645781250008 0.04808542031250003
0 0.70072466796875 0.66271616953125 0.04406501718750002 0.037399739062500006
0 0.757852115625 0.62396232578125 0.09347118750000005 0.04808542031250003
0 0.8812080976562499 0.62531639453125 0.1495539296875 0.06411387031249997
0 0.8438196515625 0.56053461484375 0.12818901875000002 0.05209251406250006
0 0.97064836171875 0.552520390625 0.05870327656250005 0.02804987812500004
0 0.9653071703125 0.5091099375 0.06938565937500005 0.06411386874999998
0 0.96931309140625 0.4496710179687501 0.06137381718749992 0.038735448437499986
0 0.787069275 0.49575287265625 0.09747707187500003 0.05342826093749995
0 0.676239134375 0.55452397421875 0.11617129374999999 0.04274257968750002
0 0.630838884375 0.49308148828125004 0.19628948750000008 0.08281373906249997
0 0.5391530140625 0.42496047109374996 0.19094840625000006 0.0774710078125
0 0.7069510828125 0.4102676953125 0.11884198124999994 0.05342822500000004
0 0.29873180859375 0.5030992601562501 0.1863738671875 0.09216374531250002
0 0.24960981796874998 0.57656310078125 0.1548951578125 0.07613529843749997
0 0.26696877109374995 0.41561049921875004 0.4459911015625 0.20302732656250005
0 0.1394473859375 0.541166871875 0.1482185125 0.09082800000000005