0 0.5174120296875 0.97427863515625 0.11076563125000005 0.051442729687500056
0 0.78779224296875 0.92151824765625 0.23231535781250007 0.15696350468749998
0 0.668936646875 0.8744255937500001 0.133530246875 0.08949225312499998
0 0.82049348046875 0.7395192671874999 0.21498378281249994 0.11620645624999995
0 0.92531483203125 0.7168122671875 0.08278880468749997 0.07079245624999997
0 0.9112941273437499 0.8303473039062499 0.052076857812500064 0.08949232656249988
0 0.5848125703125 0.7421906875 0.17626006562500002 0.11620645624999995
0 0.34445806718750005 0.8457079164062499 0.077447578125 0.05877110156249987
0 0.23229258359375 0.8363579445312499 0.09614180156249999 0.06411387031249997
0 0.3985378671875 0.74219068828125 0.12685382187500002 0.07079238281249997
0 0.5087002625 0.607284325 0.15756569687499997 0.060106775000000036
0 0.37717295703125 0.63199494609375 0.09480645781250004 0.04808542031250003
0 0.30106072265624995 0.66271616953125 0.04406501718749998 0.037399739062500006
0 0.22561608515625 0.6286556515624999 0.042729673437500004 0.020035615624999982
0 0.2509868421875 0.62531635703125 0.09347118750000001 0.04808542031250003
0 0.11879190234374999 0.62531639453125 0.14955392968749998 0.06411387031249997
0 0.1561803484375 0.56053461484375 0.12818901875000002 0.05209251406250006
0 0.02935163828125 0.552520390625 0.0587032765625 0.02804987812500004
0 0.034692829687499996 0.5091099375 0.06938565937499999 0.06411386874999998
0 0.03068690859375 0.4496710179687501 0.0613738171875 0.038735448437499986
0 0.21293072500000002 0.49575287265625 0.09747707187499999 0.05342826093749995
0 0.323760865625 0.55452397421875 0.11617129374999999 0.04274257968750002
0 0.36916111562500004 0.49308148828125004 0.19628948750000003 0.08281373906249997
0 0.4626323765625 0.42496047109374996 0.19094840625000004 0.0774710078125
0 0.29304891718750004 0.4102676953125 0.11884198124999998 0.05342822500000004
0 0.70126819140625 0.5030992601562501 0.1863738671875 0.09216374531250002
0 0.75039018203125 0.57656310078125 0.1548951578124999 0.07613529843749997
0 0.7330312289062499 0.41561049921875004 0.4459911015624999 0.20302732656250005
0 0.8605526140624999 0.541166871875 0.1482185124999999 0.09082800000000005