0 0.9329102289062501 0.69217304609375 0.08786156093749983 0.09896886093749994
0 0.93436859296875 0.52187687578125 0.13126281406249998 0.2732421953125
0 0.60198101328125 0.92526927265625 0.08033292343750001 0.08116733281249999
0 0.482848640625 0.84822515 0.17462989687500002 0.1464764531250001
0 0.402534909375 0.9791941281250001 0.11585165624999996 0.041611743750000055
0 0.29707102421875 0.9046734273437501 0.14233704843750003 0.1629546578125
0 0.29939737890625 0.72373712421875 0.08430322343749999 0.09733590156250002
0 0.18370231171875 0.5794645125 0.19001682656250002 0.20058284999999998
0 0.39650899609375 0.5141318273437501 0.21567513593749993 0.12478807343750002
0 0.5596634140625 0.5676430421875 0.06363102187500003 0.08364995625000002
0 0.57986458828125 0.69552656015625 0.05799439218749995 0.045809789062499995
0 0.7862383390625001 0.7001497742187499 0.12693235624999993 0.12407038593750004
0 0.7834815890625 0.6108249320312501 0.07044690000000005 0.08384593906250001
0 0.6640860953125001 0.5606132125000001 0.12057555312500004 0.136841134375
0 0.77623969453125 0.40447905703125003 0.1385835453125 0.14304727343750004
0 0.9536018890625 0.34953133671875003 0.06473444062499993 0.07700292968749997
0 0.5854892546875 0.46664953125 0.07146769687500001 0.08734065000000006
0 0.6159815375 0.3650355625 0.09879241249999993 0.12836513437500002
0 0.49615237578125004 0.3807781921875 0.09678747343749991 0.04762265625000004
0 0.34470743828124994 0.34413728906249996 0.18232336093749998 0.12149015937499996
0 0.25603695625 0.23357291796875002 0.08870348750000004 0.1067912046875
0 0.55199302578125 0.18330679062500002 0.10653777343749997 0.0865734
0 0.30335926406249997 0.14887009296875 0.04599205000000004 0.0757452265625
0 0.8138529570312499 0.23842928203125 0.2951444421874999 0.1686513609375
0 0.74976722734375 0.11131296406249999 0.30024616406250004 0.22262592812499998
0 0.21870846171874997 0.17103127968749998 0.042659545312500005 0.0520646875
0 0.27849536171875 0.07702801249999999 0.047319610937500034 0.0500397