0 0.8812498156250002 0.7789225898437501 0.0801181187500001 0.1068564484375
0 0.92460126171875 0.61262716640625 0.15079747656250006 0.28984819531249995
0 0.51270621953125 0.9352002054687499 0.07210635156249996 0.08014239218749993
0 0.41522907421875 0.84370436953125 0.1762599203125 0.13490632656249996
0 0.29238124609375 0.96325004609375 0.13085963281249996 0.0694567828124999
0 0.22695139218750002 0.8604006546875 0.15222454375 0.14692768124999994
0 0.25365745625 0.67807678203125 0.06943573749999996 0.11086354218749994
0 0.18021579921875003 0.5197956007812501 0.1789306078125 0.19768448593750004
0 0.39453187265625 0.493749325 0.21765432343750005 0.11086361562500002
0 0.540747553125 0.57923452109375 0.053412128125 0.08949232656250006
0 0.53740937734375 0.70679449609375 0.05474739843749994 0.04808542031250003
0 0.7370371132812499 0.7528763328125001 0.11216548281250001 0.13223490624999998
0 0.75706660625 0.6653875906250001 0.064094584375 0.09082800000000005
0 0.65157769296875 0.5965987171875 0.12017725156250006 0.13223490624999998
0 0.79779337421875 0.46503164765625 0.13486566406250003 0.1495991015625
0 0.9740075062500001 0.44900316250000005 0.051984987500000024 0.08281373749999998
0 0.59148906796875 0.48506722734374996 0.06409443593750001 0.08815657968749999
0 0.6449011953125 0.39423921015625 0.10415371562499995 0.12555635468749998
0 0.5213856953125 0.38221785468749997 0.09213584375000003 0.05609964374999996
0 0.38117891484375 0.311425434375 0.17759526406249998 0.133570615625
0 0.3217579234375 0.1878726078125 0.08812995937499997 0.10552077500000001
0 0.6190952992187501 0.20500131875 0.0961418015625 0.10017793437499997
0 0.383849528125 0.11307307656250001 0.04940624375000002 0.073463840625
0 0.857168503125 0.31943965859375 0.28566299375000004 0.1576133265625
0 0.8271699781249999 0.135677128125 0.276407678125 0.27135425625
0 0.2943841875 0.1184158890625 0.04673563124999998 0.052092531250000004
0 0.3724994375 0.04161279140625 0.040059059375000004 0.053428242187499995