0 0.742378340625 0.9081611828125 0.14955392812499993 0.18367763437499995
0 0.8458642749999999 0.9111574953125 0.07077093437499986 0.14158484062499993
0 0.8071404859375001 0.7341764265625 0.07077108125000012 0.12154929687499996
0 0.68295735 0.7562155898437501 0.06542985312500002 0.11487071093750005
0 0.041369364062500004 0.83235085078125 0.08273872812500001 0.1121992890625001
0 0.12146247968749999 0.8931254625000001 0.09614187499999999 0.12956348437499993
0 0.38852308359375 0.8146617625000001 0.2083072859375 0.37067647499999995
0 0.605509771875 0.61997355390625 0.11617129374999999 0.11754212968749993
0 0.6869633078125 0.54517400234375 0.08946530312499998 0.0934994203125
0 0.779766859375 0.5965987171875 0.0480709000000001 0.046749746874999956
0 0.71033104921875 0.3994680921875 0.07477689218750001 0.063885990625
0 0.63956004140625 0.35216446718750005 0.17358937968749996 0.14292055000000006
0 0.38184654921875005 0.48573510156249994 0.05341220156250004 0.044078253125
0 0.24097209609374998 0.6787446187499999 0.22566616406250004 0.31255523125
0 0.36582290390625005 0.43497826093749997 0.040059132812499995 0.046749746874999956
0 0.44527346015624997 0.5718881328125 0.08145353593750002 0.05075684062499999
0 0.4519499578125 0.3895642421875 0.03872371562500003 0.022706999999999988
0 0.36228218359375 0.38332040390625 0.0560827421875 0.03339264531249997