0 0.099963821875 0.75648664921875 0.1850103875 0.1480643609375
0 0.100534340625 0.85879077109375 0.141125784375 0.07035489843750006
0 0.27701148515625 0.8153124859374999 0.12161505781250001 0.07124074062500005
0 0.2504887125 0.69125161328125 0.11563955937499999 0.06422460781249999
0 0.15177572734375 0.053713781249999995 0.11487867343749998 0.07970493749999999
0 0.09383334765625 0.13597234140625 0.13167482343749998 0.0932397609375
0 0.18429451015625 0.4032897984375 0.3685890203125 0.20356545937499998
0 0.38415458046874995 0.60937613046875 0.11975399531249997 0.11372313593749998
0 0.46161144609375004 0.688146271875 0.09516671406250002 0.08801233750000001
0 0.41322385078124996 0.7825947546875 0.04588244218750002 0.048461156249999957
0 0.6077956171875 0.70613899921875 0.06415767812500003 0.07435841718749998
0 0.6526393484374999 0.6343855632812501 0.14707421250000002 0.16975439531249997
0 0.51010941171875 0.3815139171875 0.04409800156250006 0.05351950937499996
0 0.31171850546875 0.24742921406249999 0.3164191546874999 0.21841391875
0 0.5604159203125001 0.36361210703125 0.04788630312499995 0.038449804687499964
0 0.426152525 0.44765250390624994 0.051984159374999984 0.08033176093749991
0 0.6085750578125 0.44791530625 0.022413559374999982 0.03860689687499992
0 0.6075633218750001 0.35144450000000005 0.0344907375 0.055582421875000024