0 0.7206676601562501 0.91439180546875 0.1514461328125 0.17121638906249997
0 0.8256895015625 0.9276468890625 0.07123319062500003 0.1421595281250001
0 0.7941840906250001 0.75031434921875 0.06990513125 0.12138271718749989
0 0.67010123984375 0.76568429609375 0.06708782031250005 0.11345536718749996
0 0.03372729453125 0.797597596875 0.0674545890625 0.08754481250000001
0 0.1005677890625 0.8728454593749999 0.100274353125 0.12645078124999998
0 0.36663324609375 0.8105626945312501 0.21494244843749993 0.3693298609375001
0 0.5994707218750001 0.62515637890625 0.119577265625 0.11542428281249997
0 0.68476228828125 0.5546174546875 0.09143986093750005 0.09204348124999999
0 0.7748871078125 0.6111081984375 0.04737587187500001 0.04794359687499998
0 0.7161371328125 0.41059050546875 0.07523365625 0.06333264843750004
0 0.6470010351562501 0.35970905546875 0.1789439203125 0.13705797343749998
0 0.38261523203125 0.479536034375 0.05312928593749997 0.04394796249999997
0 0.23179754921875 0.66403468515625 0.2361922421875 0.3060469453125001
0 0.3694447171875 0.428045084375 0.04238101875 0.045287993749999964
0 0.44183079531249997 0.5687856734375 0.08294973125 0.048800403125
0 0.45811014453125 0.3870261359375 0.038810454687500065 0.023095184375000022
0 0.36087410234375 0.37883752890625 0.05698456093749997 0.03166965468749998